# Created by Octave 4.2.2, Tue Apr 30 23:57:02 2019 UTC <jovyan@a89bef0df7c5>
# name: time
# type: range
# base, limit, increment
0 37659 1


